--------------------------------------------------------------------------------
Language                      files          blank        comment           code
--------------------------------------------------------------------------------
JSON                          37066          17384              0       21096349
Java                           6921          95961          63667         378997
YAML                            468          39701          16092         145425
SVG                               1              0           1406           7037
Markdown                         26           1019              0           3466
reStructuredText                 49           1447            690           3035
Gradle                           51            549            780           3012
JavaScript                       11            524            423           1809
XML                              15              7              4           1132
Python                            3            215            321            584
Bourne Shell                     16            102            171            575
Solidity                         17            108            174            481
TOML                             29             80             62            349
Dockerfile                        8             78             49            184
GraphQL                           1             14            171            122
Bourne Again Shell                1             11              9            105
DOS Batch                         2             29              3             93
INI                               1             21              0             74
Groovy                            1             15             14             55
make                              2             23             13             47
--------------------------------------------------------------------------------
SUM:                          44689         157288          84049       21642931
--------------------------------------------------------------------------------